00001
00002
00003
00005
00006
00011
00012
00016
00017
00019
00020
00023
00027
00038
00066
00083
00087
00101
00135
00136
00144
00151
00175
00200
00220
00241
00267
00268
00270
00285
00288
00291
00293
00316
00322
00323
00338
00358
00371
00384
00386
00388
00390
00392
00425
00489
00522
00551
00606
00656
00669
00688
00693
00700
00728
00762
00772
00780
00788
00813
00823
00836
00839
00857
00868
00880
00881
00883
00902
00914
00916
00921
00932
00939
00941
00960
00966
00981
00991
00992
00995
00998
01038
01044
01055
01065
01070
01088
01093
01099
01109
01112
01113
01128
01157
01171
01177
01208
01211
01233
01238
01258
01268
01288
01299
01308
01313
01316
01336
01339
01347
01359
01378
01385
01398
01408
01478
01513
01548
01585
01610
01658
01691
01766
01772
01776
01797
01800
01801
01810
01812
01816
01818
01833
01876
01877
01888
01890
01896
01898
01907
01918
01919
01928
01929
01942
01952
01963
01972
01988
01999
02005
02007
02009
02013
02015
02018
02020
02038
02048
02068
02088
02096
02128
02150
02162
02186
02202
02208
02238
02269
02313
02314
02318
02319
02328
02331
02333
02338
02357
02359
02362
02380
02382
02388
02400
02500
02600
02607
02628
02669
02688
02689
02727
02858
02869
02877
02883
02899
03311
03323
03328
03331
03333
03347
03618
03668
03669
03690
03692
03759
03800
03808
03866
03868
03888
03898
03900
03908
03913
03958
03968
03978
03988
03990
03993
03998
06030
06060
06066
06078
06088
06110
06127
06158
06160
06178
06186
06198
06808
06818
06826
06837
06862
06869
06881
06886
06969
09618
09626
09633
09636
09658
09666
09676
09677
09690
09691
09698
09868
09877
09888
09890
09896
09898
09899
09909
09911
09922
09926
09930
